1111011011110100110011101100111111011101110000000100001110111001011101110111010000001000000101110001100010001110010101111101100010010100000000001000111001111100100110111011010000001010011111110000101011111100101100110011001101110000000100111111000100000010
0000100110111101011011100101111011001011110101001101101100010111100001000000101010011110010001110110101000101010001011010001000000010101001111011000010000011101001011011011010101000111111000000011101101101001011101110110000001100000001101111000001000101010
1101101100001001000001011100001101101001101111101000011001011000101110001000100100010111000111111111011000000111101011011011010001010000011100101011111010010000001110100010101011001011000010010010110111111011000100100111111100111111010001011110101101011010
1000100000010000011111101101111011000000100000111101111100011010011111111000000110010011101000100111011010001110010111100000111101111010010000100101100100111001001110011010010011001101011111001110110011110101001100000010110001010001010010000011001000110101
1110101001110001100101000100011111011111101101100001001100100001001001000001010011011100010111111011001110100000011100010010000000100001001000111110011101010011111010101101010000100010000110011000111101100010101101010000110101111100111100000010101001111010
1110000110010011100011001000110111101010111110001110010110010111110000111110100011011111010100011110111100010010010110000011000100010110111010110010110100011001010111010101001111011111010101010110100000111010111111010001111111101001010100000010011101011011
1101001110000011100001101110001000001110000010010000111110100101100100110011010001101001110111000100111100000111101101100000000100101101011100111001011000001001110110000111011100001111000110001011100101110010010100011100010101011011000001101100101000100101
0101100001111110010011010011010110101010000000000110011001011011011111111011101011100101011111110110110000010110011101000110010101111010000100010110111111001001000100110001110111010111101010100101001110100011100111000001000110000010110111111110101100111011
0100001001100011000111110011100000110001111101101001110001100000010101000111100000011110011000001001111101000101101110110111000011010011101111011111111010011000001000010010000001100001010001100011101101001011100010000101110100001010010100110111000111101101
0000100011001000010101101011011110110110010111000001000011011011000111000100001110001011100110110011101111100101111100101000001011111011001000101010101111010001001111111011011011001010001001111010000111100001001001000010000011001001100101000011001000011001
